<?xml version="1.0" encoding="UTF-8" standalone="no"?>
<svg
   xmlns:i="&amp;ns_ai;"
   xmlns:dc="http://purl.org/dc/elements/1.1/"
   xmlns:cc="http://creativecommons.org/ns#"
   xmlns:rdf="http://www.w3.org/1999/02/22-rdf-syntax-ns#"
   xmlns:svg="http://www.w3.org/2000/svg"
   xmlns="http://www.w3.org/2000/svg"
   xmlns:sodipodi="http://sodipodi.sourceforge.net/DTD/sodipodi-0.dtd"
   xmlns:inkscape="http://www.inkscape.org/namespaces/inkscape"
   width="210mm"
   height="297mm"
   viewBox="0 0 210 297"
   version="1.1"
   id="svg8"
   sodipodi:docname="drawing.svg"
   inkscape:version="1.0.1 (c497b03c, 2020-09-10)">
  <defs
     id="defs2" />
  <sodipodi:namedview
     id="base"
     pagecolor="#ffffff"
     bordercolor="#666666"
     borderopacity="1.0"
     inkscape:pageopacity="0.0"
     inkscape:pageshadow="2"
     inkscape:zoom="0.35"
     inkscape:cx="400"
     inkscape:cy="560"
     inkscape:document-units="mm"
     inkscape:current-layer="layer1"
     inkscape:document-rotation="0"
     showgrid="false"
     inkscape:window-width="1252"
     inkscape:window-height="800"
     inkscape:window-x="0"
     inkscape:window-y="25"
     inkscape:window-maximized="0" />
  <metadata
     id="metadata5">
    <rdf:RDF>
      <cc:Work
         rdf:about="">
        <dc:format>image/svg+xml</dc:format>
        <dc:type
           rdf:resource="http://purl.org/dc/dcmitype/StillImage" />
        <dc:title></dc:title>
      </cc:Work>
    </rdf:RDF>
  </metadata>
  <g
     inkscape:label="Layer 1"
     inkscape:groupmode="layer"
     id="layer1">
    <g
       i:extraneous="self"
       id="g429"
       transform="matrix(0,0.23641411,-0.24077323,0,184.53368,14.924481)">
      <g
         id="hgenbP_00000014597772203104911750000006633729931702265509_">
        <g
           id="g426">
          <path
             class="st2"
             d="m 1126.45,73.06 c 0,35.91 0,71.81 0,107.72 -29.8,0.76 -59.6,2.83 -89.39,-0.12 -7.17,-0.71 -14.26,-2.19 -21.44,-2.86 -3.42,-0.32 -8.08,-1.51 -8.07,4.67 0.01,1.02 0.01,2.03 0.02,3.05 0.04,2.04 0.86,3.96 2.72,4.54 9.62,2.97 19.21,4.99 28.28,10.68 4.93,3.09 13.46,3 20.16,5.55 6.14,2.34 12.33,2.75 18.3,-1.47 3.01,-2.13 6.95,-1.79 10.66,-2.23 13.01,-1.54 25.81,3.38 38.75,0.7 0,143.09 0,286.18 0,429.27 -0.54,0.54 -1.07,1.07 -1.61,1.61 -37.53,0 -75.05,0 -112.58,0 1.55,-5.11 2.36,-10.11 1.95,-15.68 -0.54,-7.31 -1.61,-14.89 1.41,-22.17 5.08,-12.28 6.6,-25.27 5.96,-38.39 -0.62,-12.7 -0.12,-25.36 -4.17,-37.98 -3.46,-10.8 -3.81,-22.59 -5.53,-33.95 -2.39,-15.72 -1.26,-31.52 -0.69,-47.26 0.18,-4.89 2.01,-9.98 5.52,-13.99 2.19,-2.5 3.07,-5.55 3.91,-8.69 1.6,-5.93 3.86,-11.35 7.75,-16.48 3.78,-4.99 9.26,-10.53 10.05,-15.9 2.1,-14.35 11.21,-25.9 13.68,-39.85 4.02,-22.69 0.64,-45.16 -1.88,-67.66 -0.09,-0.76 -0.64,-1.47 -0.91,-2.22 -2.76,-7.74 -5.03,-15.7 -8.38,-23.18 -3.69,-8.25 -7.96,-16.31 -12.76,-23.96 -3.39,-5.39 -6.64,-4.85 -9.23,0.51 -4.66,9.63 -10.83,10.8 -19.39,4.21 -7.59,-5.84 -15.4,-11.1 -24.63,-14.6 -11.36,-4.3 -23.17,-8.7 -29.95,-20.32 -1.53,-2.63 -4.06,-5.64 -7.47,-5.64 -15.2,-0.01 -30.53,-2.28 -45.54,1.95 -1.98,0.56 -5.21,1.18 -4.26,3.76 3.58,9.66 -4.43,9.06 -9.39,11.73 -6.82,3.67 -16.38,2.19 -20.56,10.8 -0.48,0.08 -0.95,0.18 -1.42,0.29 -12.12,2.7 -19.35,13.52 -30.26,18.29 -1.02,0.45 -1.23,2.74 -1.82,4.18 -0.11,0.46 -0.2,0.92 -0.28,1.38 -12.19,2.61 -22.15,10.09 -33.06,15.44 -3.57,1.75 -6.78,3.91 -10.86,4.46 -6.44,0.88 -9.75,-2.35 -7.8,-8.65 1.03,-3.32 0.57,-5.87 -0.31,-9.09 -2.89,-10.53 2.43,-19.51 12.82,-23.85 4.75,-1.98 9.74,-2.68 14.55,-4.13 5.43,-1.63 11.64,-2.17 15.14,-7.74 2.24,-2.12 5.06,-2.96 7.97,-3.58 4.46,3.04 6.5,-0.31 8.68,-3.28 2,-0.93 4,-1.85 6,-2.78 2.88,-0.82 5.37,-2.99 3.77,-5.59 -2.17,-3.52 -5.9,-5.84 -10.63,-4.83 -1.96,-0.05 -3.91,-0.09 -5.87,-0.14 -5.42,-0.59 -10.78,-0.93 -14.6,4.13 -0.48,0.28 -0.97,0.56 -1.45,0.84 -4.32,-1.62 -10.61,5.89 -12.51,-0.39 -1.66,-5.52 3.1,-11.41 8.54,-15.02 0.89,-0.59 1.83,-1.12 2.67,-1.77 8.39,-6.55 19.15,-9.22 27.06,-16.58 1.45,-1.35 4.3,-1.61 3.17,-4.61 -0.91,-2.45 -2.68,-3.85 -5.36,-4.18 -3.43,-0.43 -6.03,1.4 -8.98,2.68 -18.76,8.13 -37.21,16.83 -58.95,11.8 -10.04,-2.32 -19.76,-4.12 -27.49,-11.49 -1.96,-1.87 -4.39,-3.02 -7.15,-3.31 -2.02,-1.22 -4.05,-2.44 -6.08,-3.65 -5.67,-10.09 -16.58,-13.9 -24.87,-20.85 -14.31,-12 -31.39,-14.54 -49.08,-15.4 -3.55,-0.17 -6.91,0.23 -9.12,3.73 -4.64,7.34 -7.35,15.11 -7.44,23.96 -0.14,13.65 0.88,27.16 2.99,40.65 1.54,9.82 -3.14,14.87 -12.88,15.24 -17.87,0.67 -35.72,2.15 -53.63,1.68 -2.96,-0.08 -7.01,-0.62 -6.35,4.68 0.13,0.91 0.25,1.82 0.37,2.73 0.1,2.29 0.21,4.59 0.31,6.88 -0.09,0.7 -0.18,1.4 -0.27,2.1 0.52,2.65 -0.67,7.32 3.55,6.66 6.68,-1.06 13.05,1.18 19.88,-0.05 9.44,-1.7 19.16,-4.98 29.11,-0.97 3.08,1.24 6.91,0.37 10.17,-1.21 7.45,-3.61 15.25,-1.34 21.82,1.14 5.21,1.97 12.99,5.44 12.09,13.3 -1.29,11.25 0.36,19.52 8.65,29.1 5.95,6.88 7.01,19.29 11.54,29.06 3.19,6.9 4.06,16.32 5.39,24.71 2.14,13.53 9.53,24.74 16.35,35.94 6.41,10.54 8.24,22.46 11.45,33.67 3.07,10.73 1.12,22.45 -4.53,33.78 -5.63,11.28 -7.35,24.54 -13.67,35.8 -2.69,4.79 -4.91,9.69 -5.15,15 -0.63,14.15 -0.94,28.28 -8.7,40.9 -0.39,0.63 -0.23,1.58 -0.37,2.37 -2.58,14.21 -3.77,28.56 -4.81,42.95 -0.58,8 1.34,16.46 -0.56,23.72 -2.66,10.16 -2.17,20.07 -2.46,30.13 -0.13,4.57 0.22,9.27 -1.97,13.38 -3.56,6.69 -0.95,7.92 5.57,8.26 5.19,0.27 11.4,-2.74 15.59,3.08 -73.45,0 -146.89,0 -220.34,0 -0.17,-11.47 0.61,-22.9 -1.22,-34.41 -1.72,-10.86 2.63,-21.35 4.05,-31.95 3.06,-22.7 -0.68,-45.6 -3.01,-68.44 -1.72,-16.79 -7.14,-32.81 -8.1,-49.65 -0.73,-12.92 1.2,-26.03 -2.88,-38.72 -1.87,-5.82 -2.83,-11.76 -3.4,-17.96 -1.24,-13.4 3.82,-25.09 7.91,-37.15 0.14,-1.02 0.28,-2.03 0.41,-3.05 3.61,-2.15 4.92,-5.8 6.95,-9.27 5.41,-9.26 6.96,-19.99 11.94,-29.2 3.58,-6.64 5.32,-13.16 5.21,-20.51 -0.08,-5.05 -0.24,-10.19 0.55,-15.15 1.54,-9.73 -4.19,-17.89 -5.25,-27.03 -0.24,-2.02 -2.7,-3.16 -4.94,-3.54 -4.84,-5.35 -9.68,-10.69 -14.52,-16.04 -0.2,-2.26 -0.88,-4.13 -3.54,-4.4 -2.07,-1.3 -4.14,-2.6 -6.21,-3.9 -1.18,-2.97 -3.34,-3.29 -5.78,-1.83 -2.02,1.21 -1.47,3.08 -0.85,4.97 1.42,4.3 2.85,8.6 4,12.98 5.54,21.06 7.22,17.75 -13.63,18.09 -2.93,0.05 -5.92,0.4 -8.8,-0.01 -9.57,-1.39 -16.94,2.83 -23.74,8.74 -6.83,1.06 -10.55,-1.5 -10.21,-8.77 2.12,-3.34 5.56,-6.78 3.57,-10.81 -2.02,-4.09 -6.71,-1.97 -10.24,-2.19 -4.25,-0.27 -8.54,-0.11 -12.81,-0.02 -3.66,0.07 -7.62,-0.71 -10.26,2.97 -5.81,5.05 -1.64,6.77 2.78,8.56 3.78,1.53 7.24,3.65 7.76,8.14 0.43,3.72 -3.81,2.94 -5.32,4.87 -21.66,1.56 -42.89,-4.45 -64.53,-3.71 -6.74,0.23 -13.39,-0.78 -17.41,-7.66 -0.8,-1.37 -3.42,-2.93 -4.7,-2.57 -9.68,2.66 -14.33,-4.6 -20.44,-9.46 -3.71,-2.95 -5.21,-6.14 -3.72,-10.38 1.44,-4.1 5.21,-5.27 9.11,-5.26 5.65,0.01 11.04,1.67 16.43,3.23 5.93,1.72 11.87,3.1 17.59,-0.73 1.85,-0.3 3.7,-0.6 5.55,-0.89 1.29,0.45 2.58,0.9 3.87,1.35 1.72,0.13 2.94,-0.69 3.88,-2.04 6.77,-1.03 6.77,-1.03 6.45,-5.44 -0.16,-1.12 -0.33,-2.23 -0.49,-3.35 -1.98,-9.39 -12.95,-18.57 -21.95,-19.64 -10.49,-1.24 -19.75,2.68 -29.34,5.43 -6.18,-2.51 -8.46,-6.74 -4.36,-12.48 5.47,-7.65 10.51,-15.86 20.11,-19.38 3.23,-1.18 6.18,-3.1 9.28,-4.63 2.33,-1.14 5.58,-1.57 5.1,-5.15 -0.48,-3.5 -3.07,-5.74 -6.28,-6.54 -2.51,-0.63 -5.28,-0.21 -7.93,-0.26 -1.59,0.01 -3.17,0.02 -4.76,0.03 -5.41,2.21 -11.67,1.86 -16.63,5.46 -2.52,0.29 -5.04,0.58 -7.56,0.88 -1.58,0.26 -3.17,0.52 -4.75,0.77 -3.77,-0.36 -7.53,-0.73 -11.3,-1.09 -2.93,-1.97 -6.37,-2.18 -9.68,-2.85 -1.6,-0.18 -3.19,-0.36 -4.79,-0.55 -2.46,-1.82 -4.62,-4.16 -7.93,-4.45 -3.75,-1.43 -5.52,-5.82 -9.74,-6.55 -1.44,-2.43 -3.35,-4.23 -6.25,-4.74 l -0.02,-0.03 c -1.25,-7.38 -7.57,-9.6 -12.98,-12.74 -1.6,-1.09 -3.2,-2.18 -4.81,-3.27 -1.63,-2.85 -4.17,-4.72 -6.79,-6.59 -11.09,-7.91 -23.65,-11.41 -36.98,-12.99 -15.58,-1.85 -26.05,7.49 -25.42,22.98 -0.06,2.13 -0.12,4.27 -0.19,6.4 -1.52,1.77 -1.64,3.91 -1.45,6.07 0.84,9.29 1.56,18.59 2.66,27.85 0.69,5.76 -0.36,9.33 -7.2,9.39 -27.5,0.25 -54.88,3.62 -82.42,3.11 -9.62,-0.18 -19.25,0.12 -28.88,0.2 0,-34.3 0,-68.6 0,-102.9 21.93,0.04 43.8,-2.78 65.64,-2.84 35.61,-0.09 71.16,-2.64 106.77,-2.1 5.05,0.08 10.01,0.97 15.18,0.47 16.19,-1.57 32.23,-4.29 48.67,-3.84 17.61,0.49 35.31,-0.56 52.92,-0.81 26.28,-0.37 52.42,-5.6 78.78,-2.22 3.72,0.48 7.6,0.21 10.83,-2.11 4.32,-3.1 9.06,-2.85 13.89,-2.1 10.57,1.65 21.13,-0.1 31.7,0 11.53,0.11 22.68,-6.29 34.08,-3.4 13.36,3.39 26.55,1.3 39.82,1.32 17.89,0.04 35.82,0.68 53.65,-0.37 8.53,-0.5 9.67,2.32 9.54,9.54 -0.25,13.23 0.12,13.19 12.74,11.85 2.65,-0.28 5.35,-0.14 8.03,-0.18 35.54,-0.49 71.09,0.99 106.62,-1.47 5.79,-0.4 11.52,-1.93 17.51,-1.01 9.93,1.52 20,3.58 29.4,-2.59 1.65,-1.08 4.3,-1.69 6.16,-1.22 11.23,2.87 22.35,0.02 33.5,-0.24 10.99,-0.26 21.9,0.51 32.82,1.61 29.03,2.93 57.39,-5.53 86.35,-5.33 7.93,0.05 15.91,0.87 23.84,0.37 33.33,-2.09 66.62,-4.85 100.07,-4.63 16.34,0.11 32.71,-0.61 49.02,0.04 19.45,0.81 38.87,-2.71 58.29,0.01 z M 394.69,217.7 c 1.09,0.52 2.18,1.03 3.28,1.55 0.28,0.28 0.44,0.62 0.49,1.02 -0.68,4.02 1.29,7.84 4.56,8.36 6.65,1.06 13.77,1.56 19.33,-3.95 1.55,-0.65 3.1,-1.29 4.64,-1.94 14.67,-5.22 20.02,-17.91 12.78,-30.84 -1.22,-2.19 -1.12,-4.01 -0.5,-6.07 1.63,-5.36 2.95,-10.86 5.06,-16.04 3.73,-9.14 3.81,-18.17 0.24,-27.22 -1.7,-4.3 -3.86,-8.32 -9.57,-8.33 -5.67,-0.01 -8.09,3.65 -9.46,8.25 -1.25,4.2 -4.11,6.74 -7.6,8.92 -9.56,5.99 -13.42,15.58 -10.78,26.47 0.94,3.88 2.38,7.71 1.66,11.84 -6.19,0.4 -11.54,2.53 -15.55,7.46 -4.99,5.97 -4.39,14.76 1.42,20.52 z m 537.55,-45.87 c -7.24,1.73 -5.76,6.43 -1.49,8.6 5.68,2.88 11.88,5.87 18.79,5.13 3.12,0.81 6.24,1.62 9.37,2.43 7.66,4.45 16.23,0.91 24.16,2.76 5.41,1.26 7.13,-1.12 6.01,-5.92 -1.42,-6.1 -1.9,-12.48 -0.62,-18.28 1.97,-8.91 -3.02,-14.2 -7.9,-19.68 -5.43,-6.09 -10.08,-5.07 -13.04,2.61 -1.1,2.84 -1.98,6.59 -5.08,6.48 -10.44,-0.38 -13.83,7.33 -18.01,14.37 -4.09,0.26 -8.25,-0.01 -12.19,1.5 z m -555.38,-8.6 c 2.75,4.39 6.21,7.67 11.86,5.78 4,-1.34 8.89,-2.52 9.05,-7.83 0.31,-10.16 0.23,-20.34 -0.12,-30.5 -0.13,-3.74 -2.86,-6.34 -6.5,-7.35 -3.38,-0.94 -5.48,1.19 -7.36,3.66 -1.62,2.12 -3.43,4.09 -5.12,6.16 -5.41,6.64 -11.12,12.99 -17.89,18.31 -1.16,0.91 -2.83,2.25 -1.53,3.97 1.02,1.35 2.36,0.45 3.36,-0.58 4.01,4.02 8.9,6.6 14.25,8.38 z m 159.45,10.95 c -3.98,-5.03 -9.2,-2.39 -13.99,-2.2 -15.82,0.62 -31.61,2.01 -47.49,1.26 -5.94,-0.28 -12.71,-1.98 -16.94,4.66 0.04,2.48 0.08,4.95 0.12,7.43 -0.3,3.77 2.51,5.05 5.21,6.26 6.63,3.01 13.53,5.17 20.88,5.13 5.53,-0.03 9.67,1.29 12.12,7.05 2.71,6.38 8.99,5.94 14.57,5.51 5.1,-0.39 9.17,-2.27 9.63,-8.6 0.29,-4.02 2.76,-7.02 7.36,-7.01 8.03,0.02 16.1,-0.36 24.07,0.37 9.74,0.89 9.7,1.3 10.1,-8.43 0.97,-3.75 1.11,-7.5 -0.05,-11.25 -4.78,-5.05 -9.66,-4.35 -14.6,-0.25 -3.66,0.03 -7.33,0.05 -10.99,0.07 z M 922.7,155.22 c 6.02,-0.03 12.85,-0.1 11.51,-5.74 -1.49,-6.25 -0.78,-12 -0.97,-17.99 -0.08,-2.56 -0.75,-5.59 -3.76,-6.58 -3.04,-1 -4.79,1.23 -6.78,3.16 -4.97,4.83 -10.14,9.45 -15.3,14.07 -1.95,1.75 -4.83,2.94 -3.68,6.34 0.95,2.84 3.35,4.15 6.09,4.65 4.73,0.89 9.5,1.56 12.89,2.09 z"
             id="path296" />
          <path
             class="st2"
             d="m 243.52,165.97 c 3.77,0.36 7.53,0.73 11.3,1.1 2.08,2.75 3.62,2.22 4.75,-0.78 2.52,-0.29 5.04,-0.58 7.56,-0.87 6.42,0.83 12.81,1.59 16.63,-5.47 1.59,-0.01 3.17,-0.02 4.76,-0.03 2.5,7.9 1.11,13.19 -8.62,13.22 -1.2,0 -2.48,0.92 -3.57,1.63 -16.12,10.61 -21.4,26.91 -23.06,44.89 -0.58,6.27 1.3,12.62 -1.33,18.91 -1.28,3.06 0.43,6.04 3.04,8.52 3.44,3.26 5.33,7.64 4.63,12.36 -2.82,19.13 5.17,38.06 0.83,57.22 -0.63,2.76 0.85,5.41 3.66,6.47 2.71,1.02 4.65,-0.91 6.11,-2.81 4.24,-5.51 4.4,-11.8 3.23,-18.34 -2.24,-12.46 10.55,-27.19 23.17,-28.08 22.7,-1.6 45.39,-1.35 68.1,-1.42 2.87,-0.01 6.07,0.53 7.59,-3.01 1.52,-1.94 5.75,-1.16 5.32,-4.87 -0.52,-4.5 -3.98,-6.62 -7.76,-8.14 -4.42,-1.79 -8.59,-3.51 -2.78,-8.55 4.51,0.13 9.03,0.13 13.53,0.43 6.99,0.46 13.73,1.5 16.2,9.63 -0.34,7.28 3.38,9.83 10.21,8.78 10.67,1.27 21.36,1.09 32,0 3.08,-0.31 6.01,-0.38 8.55,1.12 4.38,2.59 9.03,2.88 13.91,2.86 10.6,-0.03 11.87,1.49 12.18,12.08 0.15,5.2 -1.82,11.01 2.58,15.34 4.47,4.4 4.39,9.59 3.23,14.92 -2.18,9.93 -6.08,19.24 -10.97,28.15 -1.98,3.6 -5.14,6.97 -2.85,11.64 -0.14,1.02 -0.28,2.03 -0.41,3.05 -8.58,4.44 -14.09,13.05 -14.75,20.98 -1.09,13.18 -3.96,26.92 1.36,40.28 1.56,3.92 3.24,8.96 1.11,13.26 -6.32,12.68 1.44,24.52 3.21,36.19 2.02,13.33 1,23.91 -11.38,30.51 -8.85,4.72 -9.46,8.97 -2.42,16.62 2.43,2.64 5.52,4.49 8.79,5.44 12.93,3.75 14.91,21.79 9.13,31 -4.95,7.89 -4.41,16.54 -0.06,24.28 3.16,5.62 4.53,11.46 5.02,17.5 1.14,14.04 2.81,28.09 1.81,42.23 -55.22,0 -110.44,0 -165.65,0 7.53,-4.66 14.69,-10.12 24.45,-4.88 5.68,3.05 16.65,0 20.05,-5.62 2.8,-4.63 1.86,-10.89 -1.44,-14.22 -6.58,-6.62 -6.41,-14.23 -6.04,-22.22 0.23,-4.92 -0.99,-9 -5.32,-11.77 -6.73,-4.31 -9.02,-10.85 -7.29,-18.11 1.79,-7.54 0.43,-14.42 -2.25,-21.14 -2.97,-7.48 -2.94,-15.14 -2.92,-22.92 0.01,-4.88 1.89,-7.87 6.6,-9.76 8.45,-3.37 9.39,-7.12 4.34,-14.49 -5.94,-8.68 -5.85,-16.63 0.27,-25.18 1.16,-1.61 3.34,-2.96 1.63,-5.54 -4.02,0.15 -6.23,2.71 -8.08,5.78 -2.12,3.52 -2.84,7.34 -3.3,11.43 -0.51,4.58 -0.47,10.69 -6.66,11.32 -5.8,0.6 -9.17,-3.88 -10.9,-9.02 -1.36,-4.03 -2.68,-8.22 -3,-12.42 -0.55,-7.35 -5.98,-11.83 -9.51,-17.33 -2.53,-3.95 -6.94,-0.52 -10.51,-0.54 -1.95,-0.01 -3.7,-0.52 -5.19,-1.8 -4.07,-3.47 -8.09,-6.99 -12.22,-10.39 -6.25,-5.15 -7.89,-10.6 -3.3,-18.16 4.47,-7.35 1.13,-13.97 -7.27,-16.2 -2.59,-0.69 -4.22,-1.74 -5.06,-4.41 -2.78,-8.85 -11.37,-13.22 -20.08,-10.39 -18.06,5.87 -37.36,-10 -35.66,-29.34 3.17,1.7 5.09,4.54 7.19,7.35 5.51,7.39 16.86,9.69 23.51,4.6 4.65,-3.56 9.05,-7.56 13.02,-11.86 7.96,-8.61 7.26,-21.17 -1.28,-29.31 -1.39,-1.33 -2.6,-2.72 -2.89,-4.67 -2.34,-16.1 -2.33,-31.59 9.34,-44.93 7.71,-8.81 6.32,-19.97 6.02,-30.52 -0.09,-3.23 -3.13,-6.8 -6.62,-3.39 -4.03,3.94 -8.55,7.33 -11.34,12.88 -6.75,13.39 -12.62,28.08 -30.92,30.22 -4.53,0.53 -9.03,0.57 -13.52,0.99 -4.1,0.38 -8.98,1.13 -9.03,6.07 -0.07,7.13 -0.74,15.48 2.55,21.15 5.06,8.7 3.77,19.5 10.66,27.2 0.65,0.73 0.1,2.53 0.11,3.84 -2.1,-0.36 -2.72,-2.19 -3.76,-3.67 -4.37,-6.26 -8.82,-12.46 -13.24,-18.69 l -0.08,-0.1 c 0.59,-8.96 -0.9,-17.48 -4.9,-25.62 -4.19,-8.53 -4.07,-18.13 -6.1,-27.21 -1.22,-5.42 1.45,-8.53 7.48,-8.58 4.6,-0.04 9.03,0.59 13.5,1.46 1.83,0.36 3.98,0.17 4.85,-1.9 0.8,-1.89 -1.08,-2.73 -2.13,-3.85 -4.13,-4.42 -7.23,-9.97 -7.37,-15.61 -0.23,-9.46 -5.02,-13.64 -13.02,-16.89 -4.91,-2 -11.8,-1.91 -14.01,-8.08 -2.45,-6.82 -7.09,-11.77 -11.82,-16.86 -11.08,-11.94 -18.35,-25.47 -17.94,-42.38 0.14,-6.08 -0.51,-12.21 -3.13,-17.9 0.06,-2.13 0.12,-4.27 0.19,-6.4 5.12,-3.7 9.78,-7.89 15.32,-11.15 10.66,-6.27 24.68,-6.02 34.94,0.7 5.61,3.67 11.25,8.42 18.93,7.05 1.6,1.09 3.2,2.18 4.81,3.27 2.05,6.56 7.28,9.89 12.98,12.74 0,0 0.02,0.03 0.01,0.03 0.79,3.29 1.3,6.94 6.25,4.74 4.23,0.73 5.99,5.12 9.74,6.55 1.22,4.03 3.01,7.02 7.93,4.45 1.6,0.18 3.19,0.36 4.79,0.55 1.94,5.52 5.37,5.79 9.75,2.81 z m -73.64,-23.66 c -3.61,0.15 -6.01,0.64 -7.41,2.89 -1.3,2.09 -0.79,4.41 1,5.8 6.97,5.41 11.27,13.53 18.75,18.35 2.69,1.73 6.25,5.58 8.71,0.95 2.38,-4.49 9,-9.39 3.86,-14.87 -6.84,-7.3 -16.85,-9.67 -24.91,-13.12 z"
             id="path298" />
          <path
             class="st2"
             d="m 143.79,634.17 c -45.24,0 -90.47,-0.21 -135.71,0.22 -6.95,0.07 -7.59,-1.95 -7.58,-8.04 0.2,-138.87 0.15,-277.75 0.15,-416.62 4.76,0.86 8.31,-2.98 13.09,-3.03 11.81,-0.11 22.66,8.77 34.98,3.59 0.85,-0.36 2.35,1.12 3.63,1.42 8.53,2.06 16.84,5.63 25.93,4.11 13.63,-2.28 27.25,-4.61 40.88,-6.89 13.97,-2.34 23.17,6.71 20.48,20.44 -1,5.1 -0.52,9.54 2.91,13.54 3.96,4.63 5.93,9.86 6.42,16.06 0.3,3.84 -0.52,8.42 2.17,11.54 5.22,6.08 6.16,13.29 7.41,20.75 2,11.93 2.93,24.55 13.96,32.73 0,0 0.08,0.1 0.08,0.1 -0.27,4.54 1.57,8.17 4.34,11.7 3.09,3.93 5.89,7.93 7.64,12.95 5.32,15.24 5.19,30.92 3.77,46.43 -0.85,9.34 -3.76,18.84 -7.54,27.49 -5.6,12.81 -14.48,24.26 -13.51,39.41 0.28,4.43 -0.23,9.28 -1.81,13.39 -6.82,17.8 -7.87,36.96 -10.93,55.29 -3.5,20.99 -6.59,42.64 -6.11,64.31 0.04,1.85 0.33,4.1 -0.56,5.51 -6.65,10.61 -3.62,22.3 -4.09,33.6 z"
             id="path300" />
          <path
             class="st2"
             d="m 723.25,148.05 c 2.02,1.22 4.05,2.44 6.07,3.65 6.87,13.07 19.59,16.56 32.47,19.16 9.42,1.9 19.05,2.74 28.49,-0.94 1.61,-0.62 6.94,-0.72 4.37,2.29 -4.52,5.3 -4.99,12.54 -11.03,17.28 -6.39,5.02 -10.04,13.25 -9,21.91 0.53,4.41 -0.2,8.16 -2.49,11.33 -5.38,7.45 -5.5,15.93 -5.85,24.46 -0.21,5.05 1.08,10.3 -1.01,15.12 -7.68,17.78 -6.32,36.93 -8.6,55.52 -0.58,4.69 1.48,9.39 6.22,9.83 5.06,0.47 5.79,-4.97 6.2,-8.72 1.52,-13.76 9.06,-25.06 19.49,-31.8 17.07,-11.03 23.51,-29.35 35.38,-43.81 0.08,-0.46 0.17,-0.92 0.28,-1.38 12.57,-3.04 20.71,-13.24 31.32,-19.47 0.63,-0.37 0.53,-1.97 0.76,-3.01 0.47,-0.11 0.95,-0.21 1.42,-0.29 1.34,-0.01 2.71,0.17 4,-0.06 12.85,-2.35 23.72,-10.71 37.01,-12.07 2.33,-0.24 7.32,-2.87 2.8,-7.31 -1.35,-1.33 -3.21,-2.45 -2.14,-4.59 1.02,-2.03 3.27,-1.5 5.06,-1.51 8.84,-0.05 17.68,0.1 26.52,0 3.81,-0.04 6.91,1.35 9.14,4.21 8.42,10.81 20.43,16.28 32.44,21.49 5.99,2.6 11.22,6.08 16.51,9.71 10.13,6.96 19.43,15.39 29.56,21.79 10.65,6.73 15.08,15.34 17.85,25.99 3.49,13.43 6.84,26.94 9.24,40.59 1.7,9.67 1.8,19.72 -0.48,29.4 -5.53,23.55 -19.45,43.31 -29.65,64.77 -3.61,7.6 -8.22,14.82 -10.89,22.72 -2.64,7.81 -5.17,15.72 -7.35,23.67 -1.47,5.37 -6,10.72 -2.75,16.81 3.36,6.29 4.2,13.1 5.52,19.94 1.39,7.16 -0.92,11.38 -7.22,14.05 -3.79,1.61 -6.75,4.26 -9.57,7.17 -7.01,7.23 -6.3,10.67 1.85,16.38 8.23,5.77 16.95,11.46 18.64,22.84 1.03,6.9 -0.63,13.23 -2.81,19.62 -2.4,7.05 -3.66,14.67 1.4,20.66 4.25,5.04 5.26,10.13 5.07,16.2 -0.24,7.49 -0.06,15 -0.06,22.49 -28.41,0 -56.83,0 -85.24,0 -0.33,-3.37 1.37,-6.14 2.45,-9.16 1.55,-4.35 1.44,-9.34 -3.59,-10.87 -9.42,-2.88 -15.65,-10.92 -24.66,-14.16 -6.84,-2.47 -10.96,-7.99 -16.17,-12.49 -5.81,-5.02 -8.31,-12.79 -14.77,-16.52 -6.31,-3.65 -6.51,-8.22 -4.98,-14.23 2.66,-10.41 0.74,-20.32 -6.43,-28.18 -6.84,-7.48 -2.12,-15.31 -1.79,-22.75 0.25,-5.74 6.6,-4.92 11.09,-5.18 3.57,-0.2 6.21,-1.83 7,-5.47 0.7,-3.25 0.82,-6.88 -2.65,-8.51 -7.39,-3.46 -13.39,-11.56 -23.31,-7.2 -1.99,0.87 -4.01,-0.22 -5.9,-1.59 -12.66,-9.19 -26.05,-17.37 -37.71,-27.95 -2.64,-2.4 -4.51,-4.4 -3.29,-8.11 3.39,-10.31 7.6,-20.07 8.39,-31.46 0.86,-12.38 -4.09,-24.45 -16.26,-27.79 -5.12,-1.41 -12.38,-2.86 -14.29,3.15 -3.71,11.67 -13.99,13.12 -22.61,17.03 -8.84,4.01 -18.12,4.31 -24.4,-4.71 -9.01,-12.92 -13.86,-27.92 -19.67,-42.41 4.44,0.88 5.49,4.82 7,8.13 2.13,4.69 5.07,8.81 8.51,12.52 4.96,5.35 12.93,3.36 14.61,-3.81 0.99,-4.22 2.49,-8.12 4.13,-12.08 1.56,-3.77 2.14,-8.31 0.06,-11.75 -11.16,-18.47 -2.66,-35.79 3.07,-53.02 4.9,-14.73 10.21,-29.31 13.24,-44.58 0.36,-1.79 0.76,-4 -1.47,-4.91 -2.17,-0.88 -3.51,0.88 -4.58,2.37 -4,5.64 -9.04,10.53 -11.25,17.42 -2.08,6.5 -6.52,11.62 -11.29,16.35 -8.23,8.15 -22.79,8.55 -31.36,1.27 -2.24,-1.9 -4.49,-5.84 -8.09,-3.24 -3.9,2.82 -2.27,7.15 -0.31,10.18 5.9,9.07 7.36,19.31 8.98,29.61 1.64,10.43 8,19.76 7.36,30.75 -5,-2.47 -6.9,-7.13 -8.41,-12.03 -1.34,-4.34 -3.23,-8.61 -3.85,-13.06 -2.06,-14.87 -9.06,-28.49 -10.55,-43.49 -0.58,-5.8 -0.42,-10.16 7.11,-10.21 3.7,-0.03 7.44,-0.77 11.09,-1.55 4.64,-0.99 7.08,-3.4 2.97,-7.68 -3.57,-3.72 -4.97,-8.15 -5.56,-13.02 -0.81,-6.71 -4.32,-11.91 -10.46,-14.15 -11.86,-4.34 -20.61,-12.15 -26.95,-22.65 -4.28,-7.08 -13.12,-10.16 -16.24,-17.4 -5.16,-12 -8.19,-24.73 -9.04,-38.03 -0.93,-14.65 0.86,-26.86 16.64,-33.25 4.09,-1.65 7.83,-3.75 12.05,-2.79 13.01,2.96 25.65,6.7 37.33,13.74 6.8,4.08 11.84,10.8 19.87,12.83 z m 205.54,67.75 c -13.37,-0.14 -26.47,-0.18 -38.77,3.3 -16.01,4.53 -32.23,9.54 -45.07,21.13 -11.02,9.95 -24.14,17.88 -30.34,32.48 -2.48,5.84 -5.23,11.94 -9.33,16.64 -15.41,17.69 -11.15,44.7 -2.46,61.22 2.52,4.8 6.25,7.73 12.19,7.52 3.84,-0.14 7.62,1.53 10,4.49 9.08,11.3 22.14,15.96 34.5,22.19 12.23,6.16 27.16,5.87 37.53,16.29 1.88,1.89 5.03,1.58 7.73,1.54 5.09,-0.06 10.19,1.12 15.15,1.11 14.17,-0.03 29.76,5.28 40.95,-9 1.05,-1.34 3.22,-1.85 4.91,-2.65 12.42,-5.92 21.24,-16 30.15,-25.98 7.28,-8.15 13.1,-17.21 18.92,-26.47 4.1,-6.52 8.66,-13.57 8.15,-20.11 -1.21,-15.48 -1.48,-31.36 -9.3,-45.88 -5.34,-9.92 -11.5,-18.63 -19.15,-27.05 -18.02,-19.88 -38.48,-32.72 -65.76,-30.77 z M 732.01,194.78 c -0.91,-4.48 -0.98,-9.19 -5.82,-11.69 -5.42,-2.8 -7.2,-7.54 -6.68,-13.39 0.39,-4.37 -1.02,-8.21 -4.89,-10.23 -6.12,-3.21 -12.37,-6.36 -18.9,-8.54 -5.75,-1.92 -9.57,2.52 -7.46,8.1 1.02,2.7 2.11,6.14 4.27,7.54 12.63,8.12 21.94,19.08 29.28,31.96 1.3,2.28 2.89,5.06 6.11,4.18 3.98,-1.07 2.93,-5.18 4.09,-7.93 z"
             id="path302" />
          <path
             class="st2"
             d="m 1126.45,73.06 c -19.43,-2.72 -38.85,0.8 -58.3,0.03 -16.31,-0.65 -32.68,0.07 -49.02,-0.04 -33.44,-0.22 -66.73,2.54 -100.07,4.63 -7.93,0.5 -15.9,-0.32 -23.84,-0.37 -28.95,-0.19 -57.31,8.27 -86.35,5.33 -10.92,-1.1 -21.83,-1.87 -32.82,-1.61 -11.15,0.26 -22.28,3.11 -33.5,0.24 -1.86,-0.48 -4.51,0.14 -6.16,1.22 -9.4,6.17 -19.47,4.11 -29.4,2.59 -5.99,-0.92 -11.72,0.61 -17.51,1.01 -35.53,2.46 -71.08,0.98 -106.62,1.47 -2.68,0.04 -5.38,-0.1 -8.03,0.18 -12.62,1.35 -12.99,1.38 -12.74,-11.85 0.13,-7.23 -1.01,-10.04 -9.54,-9.54 -17.83,1.05 -35.76,0.4 -53.65,0.37 -13.27,-0.03 -26.46,2.06 -39.82,-1.32 -11.4,-2.89 -22.55,3.52 -34.08,3.4 -10.56,-0.1 -21.13,1.64 -31.7,0 -4.83,-0.75 -9.57,-1 -13.89,2.1 -3.23,2.32 -7.11,2.59 -10.83,2.11 -26.36,-3.38 -52.5,1.85 -78.78,2.22 -17.61,0.25 -35.31,1.29 -52.92,0.81 -16.45,-0.45 -32.49,2.26 -48.67,3.84 -5.17,0.5 -10.12,-0.39 -15.18,-0.47 -35.61,-0.55 -71.15,2 -106.77,2.1 -21.84,0.06 -43.71,2.88 -65.64,2.84 0,-11.25 0,-22.51 0,-33.76 6.98,-1.94 14,-3.06 21.31,-3.49 14.38,-0.85 28.68,-2.96 43.05,-4.12 20.43,-1.65 40.84,-4.42 61.3,0.57 6.69,1.63 13.5,1 20.11,-2.89 6.88,-4.05 15.18,-5.98 22.99,-5.94 27.24,0.14 54.31,-2.6 81.48,-3.39 3.47,-0.1 6.95,0.2 10.43,0.4 15.73,0.89 31.45,2.21 47.19,2.55 7.35,0.16 14.32,-4.04 22.05,-3.04 18.1,2.34 36.13,0.03 54.08,-1.83 8.3,-0.86 16.35,-1.09 24.71,-0.35 12.97,1.15 26.12,0.17 39.13,1.1 9,0.64 16.27,-5.14 24.77,-5.2 26.8,-0.18 53.61,0.17 80.4,-0.17 6.35,-0.08 8.81,2.6 9.36,8.15 0.29,2.92 0.52,5.9 0.22,8.8 -1.12,10.6 0.46,12.68 11.1,9.48 11.51,-3.46 23.01,-4.15 34.78,-3.93 4.28,0.08 9.18,1.14 12.73,-0.53 8.88,-4.18 17.2,-1.55 25.88,-0.22 8.45,1.3 17.86,3.21 25.33,-0.68 12.35,-6.44 25.21,-6.2 38.17,-6.41 10.22,-0.16 20.62,2.81 30.36,-2.76 1.07,-0.61 2.62,-0.51 3.94,-0.54 10.9,-0.24 22.01,-0.21 32.65,0.61 27.65,2.13 55.08,-0.29 82.59,-0.64 2.19,-0.03 4.35,-0.34 6,-1.88 2.66,-2.47 5.66,-1.73 8.91,-1.88 17.89,-0.82 36.06,5.81 53.69,-1.94 1.14,-0.5 2.68,-0.53 3.93,-0.27 15.8,3.23 31.68,-0.6 47.6,0.69 14.35,1.16 28.94,-0.77 43.43,-1.07 3.97,-0.08 8.07,1.67 11.91,1.13 15.4,-2.15 30.84,0.23 46.27,-1.05 14.63,-1.21 29.33,-1.53 43.92,-3.38 0.06,15.51 0.06,31.05 0.06,46.59 z"
             id="path304" />
          <path
             class="st2"
             d="m 708.65,355.58 c 5.8,14.49 10.65,29.49 19.67,42.41 6.29,9.01 15.56,8.72 24.4,4.71 8.61,-3.91 18.9,-5.35 22.61,-17.03 1.91,-6.01 9.17,-4.56 14.29,-3.15 12.17,3.34 17.12,15.41 16.26,27.79 -0.79,11.39 -5,21.16 -8.39,31.46 -1.22,3.71 0.65,5.71 3.29,8.11 11.66,10.58 25.05,18.76 37.71,27.95 1.89,1.37 3.91,2.46 5.9,1.59 9.92,-4.36 15.92,3.74 23.31,7.2 3.47,1.63 3.35,5.25 2.65,8.51 -0.78,3.64 -3.42,5.27 -7,5.47 -4.49,0.25 -10.84,-0.57 -11.09,5.18 -0.33,7.44 -5.04,15.27 1.79,22.75 7.18,7.86 9.09,17.76 6.43,28.18 -1.53,6.01 -1.33,10.59 4.98,14.23 6.47,3.74 8.96,11.51 14.77,16.52 5.21,4.49 9.32,10.02 16.17,12.49 9.01,3.25 15.24,11.29 24.66,14.16 5.02,1.53 5.14,6.53 3.59,10.87 -1.08,3.02 -2.79,5.78 -2.45,9.16 -76.66,0 -153.32,0 -229.99,0 -4.19,-5.82 -10.4,-2.82 -15.59,-3.08 -6.52,-0.34 -9.13,-1.56 -5.57,-8.26 2.19,-4.11 1.84,-8.81 1.97,-13.38 0.29,-10.06 -0.2,-19.97 2.46,-30.13 1.9,-7.26 -0.02,-15.73 0.56,-23.72 1.05,-14.39 2.23,-28.74 4.81,-42.95 0.14,-0.79 -0.02,-1.74 0.37,-2.37 7.75,-12.62 8.06,-26.74 8.7,-40.9 0.24,-5.31 2.46,-10.22 5.15,-15 6.31,-11.26 8.04,-24.52 13.67,-35.8 5.65,-11.33 7.61,-23.05 4.53,-33.78 -3.21,-11.21 -5.05,-23.13 -11.45,-33.67 -6.81,-11.2 -14.2,-22.42 -16.35,-35.94 -1.33,-8.39 -2.2,-17.81 -5.39,-24.71 -4.52,-9.77 -5.59,-22.18 -11.54,-29.06 -8.28,-9.58 -9.94,-17.85 -8.65,-29.1 0.9,-7.86 -6.89,-11.33 -12.09,-13.3 -6.57,-2.48 -14.37,-4.75 -21.82,-1.14 -3.26,1.58 -7.09,2.45 -10.17,1.21 -9.95,-4.01 -19.66,-0.73 -29.11,0.97 -6.83,1.23 -13.2,-1.01 -19.88,0.05 -4.21,0.67 -3.03,-4 -3.55,-6.66 12.03,-0.16 24.12,0.3 36.08,-0.7 7.97,-0.67 16.51,0.92 23.88,-3.83 2.67,-0.14 5.34,-0.27 8,-0.41 4.51,2.48 6.78,-0.3 7.35,-3.99 0.61,-3.91 -2.58,-5.91 -6.02,-5.85 -9.8,0.17 -19.59,0.74 -29.38,1.26 -13.44,0.72 -26.96,-0.34 -40.33,1.81 -0.66,-5.3 3.39,-4.76 6.36,-4.68 17.92,0.47 35.76,-1.02 53.63,-1.68 9.74,-0.36 14.42,-5.42 12.88,-15.24 -2.11,-13.48 -3.13,-26.99 -2.99,-40.65 0.09,-8.85 2.8,-16.62 7.44,-23.96 2.21,-3.5 5.57,-3.9 9.12,-3.73 17.69,0.86 34.78,3.4 49.08,15.4 8.29,6.95 19.2,10.76 24.87,20.85 -8.03,-2.03 -13.06,-8.75 -19.83,-12.83 -11.68,-7.04 -24.32,-10.79 -37.33,-13.74 -4.22,-0.96 -7.96,1.14 -12.05,2.79 -15.78,6.38 -17.57,18.6 -16.64,33.25 0.85,13.3 3.88,26.03 9.04,38.03 3.11,7.24 11.96,10.32 16.24,17.4 6.34,10.5 15.09,18.31 26.95,22.65 6.14,2.24 9.65,7.44 10.46,14.15 0.59,4.87 1.99,9.3 5.56,13.02 4.11,4.28 1.66,6.68 -2.97,7.68 -3.65,0.78 -7.39,1.53 -11.09,1.55 -7.54,0.06 -7.69,4.41 -7.11,10.21 1.5,15 8.5,28.62 10.55,43.49 0.61,4.45 2.5,8.72 3.85,13.06 1.51,4.91 3.41,9.56 8.41,12.03 1.64,1.29 1.3,3.12 1.37,4.82 z M 674.47,247.72 c 0.03,8.97 4.8,14.86 12.04,15.06 6.08,0.17 6.87,-4.22 7.14,-8.57 0.38,-6.05 -7.54,-15.23 -12.99,-15.38 -6.45,-0.18 -6.14,4.52 -6.19,8.89 z"
             id="path306" />
          <path
             class="st2"
             d="m 1126.45,26.43 c -14.59,1.85 -29.3,2.17 -43.92,3.38 -15.43,1.28 -30.87,-1.1 -46.27,1.05 -3.84,0.54 -7.94,-1.21 -11.91,-1.13 -14.49,0.29 -29.08,2.23 -43.43,1.07 -15.92,-1.29 -31.8,2.54 -47.6,-0.69 -1.25,-0.26 -2.79,-0.23 -3.93,0.27 -17.63,7.74 -35.81,1.11 -53.69,1.94 -3.24,0.15 -6.25,-0.59 -8.91,1.88 -1.65,1.53 -3.81,1.85 -6,1.88 -27.52,0.35 -54.94,2.77 -82.59,0.64 -10.64,-0.82 -21.75,-0.85 -32.65,-0.61 -1.33,0.03 -2.87,-0.07 -3.94,0.54 -9.75,5.56 -20.14,2.6 -30.36,2.76 -12.96,0.2 -25.82,-0.03 -38.17,6.41 -7.47,3.9 -16.88,1.98 -25.33,0.68 -8.68,-1.33 -17,-3.96 -25.88,0.22 -3.54,1.67 -8.45,0.61 -12.73,0.53 -11.77,-0.22 -23.27,0.47 -34.78,3.93 -10.64,3.2 -12.22,1.12 -11.1,-9.48 0.31,-2.9 0.07,-5.88 -0.22,-8.8 -0.56,-5.55 -3.01,-8.23 -9.36,-8.15 -26.8,0.34 -53.6,-0.01 -80.4,0.17 -8.5,0.06 -15.78,5.84 -24.77,5.2 -13,-0.93 -26.15,0.04 -39.13,-1.1 -8.36,-0.74 -16.4,-0.51 -24.71,0.35 -17.96,1.87 -35.98,4.18 -54.08,1.83 -7.73,-1 -14.7,3.2 -22.05,3.04 -15.74,-0.34 -31.46,-1.66 -47.19,-2.55 -3.47,-0.2 -6.96,-0.5 -10.43,-0.4 -27.17,0.8 -54.25,3.54 -81.48,3.39 -7.81,-0.04 -16.11,1.89 -22.99,5.94 -6.61,3.89 -13.42,4.52 -20.11,2.89 C 105.87,38.52 85.46,41.29 65.04,42.94 50.67,44.1 36.37,46.21 21.99,47.06 14.68,47.49 7.66,48.61 0.68,50.55 0.65,35.28 0.79,20 0.55,4.73 0.49,1.27 1.21,-0.01 4.68,0.68 c 1.03,0.2 2.14,0.03 3.21,0.03 370.44,0 740.88,0.02 1111.33,-0.15 6.03,0 7.97,1.31 7.37,7.4 -0.61,6.1 -0.14,12.31 -0.14,18.47 z"
             id="path308" />
          <path
             class="st2"
             d="m 143.79,634.17 c 0.47,-11.3 -2.56,-22.99 4.1,-33.6 0.88,-1.41 0.6,-3.66 0.56,-5.51 -0.48,-21.67 2.62,-43.32 6.11,-64.31 3.06,-18.33 4.11,-37.49 10.93,-55.29 1.58,-4.11 2.09,-8.97 1.81,-13.39 -0.97,-15.15 7.91,-26.59 13.51,-39.41 3.78,-8.65 6.69,-18.15 7.54,-27.49 1.42,-15.52 1.56,-31.19 -3.77,-46.43 -1.75,-5.01 -4.55,-9.01 -7.64,-12.95 -2.77,-3.52 -4.61,-7.16 -4.34,-11.7 4.42,6.23 8.86,12.43 13.24,18.69 1.04,1.48 1.66,3.31 3.76,3.67 2.05,3.16 2.52,6.81 3.19,10.39 -1.69,19.34 17.6,35.21 35.66,29.34 8.7,-2.83 17.3,1.54 20.08,10.39 0.84,2.67 2.47,3.72 5.06,4.41 8.4,2.23 11.74,8.84 7.27,16.2 -4.6,7.56 -2.95,13.01 3.3,18.16 4.12,3.4 8.15,6.92 12.22,10.39 1.5,1.28 3.25,1.79 5.19,1.8 3.57,0.02 7.98,-3.41 10.51,0.54 3.52,5.5 8.95,9.99 9.51,17.33 0.32,4.2 1.64,8.39 3,12.42 1.73,5.14 5.11,9.62 10.9,9.02 6.19,-0.64 6.14,-6.74 6.66,-11.32 0.46,-4.09 1.18,-7.91 3.3,-11.43 1.85,-3.07 4.06,-5.62 8.08,-5.78 1.72,2.59 -0.47,3.93 -1.63,5.54 -6.12,8.55 -6.22,16.5 -0.27,25.18 5.05,7.37 4.11,11.12 -4.34,14.49 -4.71,1.88 -6.6,4.87 -6.6,9.76 -0.01,7.78 -0.05,15.44 2.92,22.92 2.67,6.73 4.04,13.61 2.25,21.14 -1.73,7.26 0.56,13.8 7.29,18.11 4.32,2.77 5.55,6.85 5.32,11.77 -0.38,7.99 -0.54,15.6 6.04,22.22 3.3,3.32 4.25,9.58 1.44,14.22 -3.4,5.62 -14.37,8.67 -20.05,5.62 -9.76,-5.24 -16.92,0.21 -24.45,4.88 -52.59,0.01 -105.12,0.01 -157.66,0.01 z"
             id="path310" />
          <path
             class="st2"
             d="m 1007.44,634.17 c 0,-7.5 -0.18,-15 0.06,-22.49 0.19,-6.07 -0.81,-11.16 -5.07,-16.2 -5.06,-6 -3.8,-13.62 -1.4,-20.66 2.18,-6.39 3.84,-12.73 2.81,-19.62 -1.69,-11.38 -10.41,-17.07 -18.64,-22.84 -8.15,-5.71 -8.85,-9.15 -1.85,-16.38 2.82,-2.91 5.79,-5.56 9.57,-7.17 6.3,-2.68 8.61,-6.9 7.22,-14.05 -1.33,-6.85 -2.16,-13.65 -5.52,-19.94 -3.25,-6.08 1.28,-11.43 2.75,-16.81 2.18,-7.94 4.71,-15.86 7.35,-23.67 2.67,-7.89 7.28,-15.12 10.89,-22.72 10.2,-21.45 24.12,-41.21 29.65,-64.77 2.27,-9.67 2.17,-19.73 0.48,-29.4 -2.4,-13.65 -5.74,-27.16 -9.24,-40.59 -2.77,-10.65 -7.2,-19.27 -17.85,-25.99 -10.14,-6.4 -19.43,-14.83 -29.56,-21.79 -5.29,-3.63 -10.52,-7.12 -16.51,-9.71 -12.01,-5.21 -24.02,-10.68 -32.44,-21.49 -2.23,-2.86 -5.33,-4.25 -9.14,-4.21 -8.84,0.1 -17.68,-0.04 -26.52,0 -1.79,0.01 -4.05,-0.52 -5.06,1.51 -1.07,2.14 0.78,3.26 2.14,4.59 4.53,4.44 -0.46,7.07 -2.8,7.31 -13.29,1.36 -24.16,9.72 -37.01,12.07 -1.29,0.24 -2.66,0.05 -4,0.06 4.19,-8.61 13.75,-7.13 20.56,-10.8 4.97,-2.68 12.98,-2.07 9.39,-11.73 -0.96,-2.58 2.28,-3.21 4.26,-3.76 15.01,-4.22 30.34,-1.96 45.54,-1.95 3.41,0 5.94,3.02 7.47,5.64 6.78,11.62 18.59,16.02 29.95,20.32 9.24,3.5 17.05,8.76 24.63,14.6 8.56,6.59 14.73,5.42 19.39,-4.21 2.6,-5.37 5.85,-5.91 9.23,-0.51 4.8,7.65 9.07,15.72 12.76,23.96 3.35,7.48 5.62,15.43 8.38,23.18 0.27,0.76 0.82,1.46 0.91,2.22 2.53,22.5 5.91,44.97 1.88,67.66 -2.47,13.95 -11.58,25.5 -13.68,39.85 -0.79,5.37 -6.27,10.91 -10.05,15.9 -3.89,5.13 -6.15,10.55 -7.75,16.48 -0.85,3.14 -1.72,6.19 -3.91,8.69 -3.51,4.01 -5.34,9.09 -5.52,13.99 -0.58,15.74 -1.71,31.55 0.69,47.26 1.73,11.35 2.07,23.15 5.53,33.95 4.04,12.62 3.55,25.28 4.17,37.98 0.64,13.13 -0.88,26.11 -5.96,38.39 -3.01,7.28 -1.94,14.86 -1.41,22.17 0.41,5.57 -0.4,10.57 -1.95,15.68 -1.6,0 -3.21,0 -4.82,0 z"
             id="path312" />
          <path
             class="st2"
             d="m 172.51,323.98 c -11.02,-8.18 -11.95,-20.79 -13.96,-32.73 -1.25,-7.46 -2.19,-14.67 -7.41,-20.75 -2.69,-3.13 -1.87,-7.71 -2.17,-11.54 -0.49,-6.2 -2.46,-11.44 -6.42,-16.06 -3.42,-3.99 -3.91,-8.44 -2.91,-13.54 2.69,-13.73 -6.51,-22.78 -20.48,-20.44 -13.63,2.28 -27.25,4.61 -40.88,6.89 -9.09,1.52 -17.4,-2.05 -25.93,-4.11 -1.27,-0.31 -2.77,-1.78 -3.63,-1.42 -12.32,5.17 -23.17,-3.71 -34.98,-3.59 -4.78,0.05 -8.33,3.89 -13.09,3.03 0,-3.22 0,-6.43 0,-9.65 28.06,-0.68 56.12,-1.24 84.18,-2.12 8.53,-0.27 17.04,-1.27 25.53,-2.22 2.61,-0.29 5.63,-1.35 5.17,-4.88 -0.36,-2.72 -3.01,-2.71 -5.14,-2.64 -16.56,0.57 -33.11,1.23 -49.66,1.83 -20.02,0.72 -40.04,1.21 -60.07,0.38 0,-1.07 0,-2.14 0,-3.22 9.63,-0.08 19.26,-0.38 28.88,-0.2 27.54,0.51 54.92,-2.86 82.42,-3.11 6.85,-0.06 7.89,-3.64 7.2,-9.39 -1.11,-9.26 -1.82,-18.56 -2.66,-27.85 -0.2,-2.16 -0.07,-4.29 1.45,-6.07 2.62,5.69 3.27,11.82 3.13,17.9 -0.4,16.91 6.86,30.44 17.94,42.38 4.72,5.09 9.37,10.04 11.82,16.86 2.21,6.16 9.1,6.08 14.01,8.08 8,3.25 12.79,7.42 13.02,16.89 0.13,5.64 3.24,11.19 7.37,15.61 1.05,1.12 2.93,1.96 2.13,3.85 -0.87,2.06 -3.02,2.25 -4.85,1.9 -4.47,-0.87 -8.9,-1.51 -13.5,-1.46 -6.02,0.06 -8.7,3.16 -7.48,8.58 2.03,9.07 1.91,18.68 6.1,27.21 3.97,8.12 5.46,16.64 4.87,25.6 z m -1.43,-79.58 c 0.06,-6.47 -5.35,-13.73 -10.38,-13.84 -5.33,-0.11 -8.61,2.15 -8.83,7.85 -0.25,6.66 6.38,14.85 12.06,14.61 5.4,-0.23 7.16,-3.76 7.15,-8.62 z"
             id="path314" />
          <path
             class="st2"
             d="m 467.06,634.17 c 1,-14.14 -0.67,-28.19 -1.81,-42.23 -0.49,-6.03 -1.86,-11.88 -5.02,-17.5 -4.35,-7.74 -4.89,-16.39 0.06,-24.28 5.78,-9.2 3.81,-27.24 -9.13,-31 -3.27,-0.95 -6.36,-2.8 -8.79,-5.44 -7.04,-7.65 -6.43,-11.9 2.42,-16.62 12.38,-6.6 13.4,-17.18 11.38,-30.51 -1.77,-11.67 -9.52,-23.5 -3.21,-36.19 2.14,-4.29 0.46,-9.34 -1.11,-13.26 -5.33,-13.35 -2.46,-27.09 -1.36,-40.28 0.66,-7.93 6.17,-16.54 14.75,-20.98 -4.1,12.06 -9.16,23.75 -7.92,37.15 0.57,6.2 1.53,12.14 3.4,17.96 4.08,12.69 2.14,25.81 2.88,38.72 0.96,16.83 6.38,32.86 8.1,49.65 2.33,22.84 6.07,45.74 3.01,68.44 -1.43,10.6 -5.77,21.09 -4.05,31.95 1.82,11.5 1.05,22.93 1.22,34.41 -1.61,0.01 -3.22,0.01 -4.82,0.01 z"
             id="path316" />
          <path
             class="st2"
             d="m 1126.45,203.29 c -12.94,2.68 -25.74,-2.24 -38.75,-0.7 -3.71,0.44 -7.65,0.1 -10.66,2.23 -5.97,4.23 -12.16,3.81 -18.3,1.47 -6.7,-2.55 -15.24,-2.46 -20.16,-5.55 -9.06,-5.69 -18.65,-7.71 -28.28,-10.68 -1.86,-0.57 -2.68,-2.5 -2.72,-4.54 2.95,1.18 5.8,2.93 8.86,3.44 14.71,2.47 29.36,5.03 44.43,5.13 21.9,0.15 43.71,-1.69 65.57,-2.06 0.01,3.75 0.01,7.51 0.01,11.26 z"
             id="path318" />
          <path
             class="st2"
             d="m 0.65,190.43 c 20.03,0.84 40.05,0.34 60.07,-0.38 16.56,-0.59 33.11,-1.25 49.66,-1.83 2.13,-0.07 4.78,-0.08 5.14,2.64 0.47,3.52 -2.55,4.58 -5.17,4.88 -8.49,0.95 -17,1.95 -25.53,2.22 -28.05,0.88 -56.12,1.44 -84.18,2.12 0.01,-3.22 0.01,-6.44 0.01,-9.65 z"
             id="path320" />
          <path
             class="st2"
             d="m 1126.45,192.03 c -21.86,0.37 -43.67,2.21 -65.57,2.06 -15.08,-0.1 -29.72,-2.66 -44.43,-5.13 -3.06,-0.51 -5.92,-2.26 -8.86,-3.44 -0.01,-1.02 -0.01,-2.03 -0.02,-3.05 4.53,-0.08 9.11,-0.61 13.58,-0.14 14.83,1.54 29.64,2.75 44.58,3.2 20.31,0.61 40.46,-2.37 60.72,-1.53 0,2.67 0,5.35 0,8.03 z"
             id="path322" />
          <path
             class="st2"
             d="m 1126.45,183.99 c -20.27,-0.83 -40.41,2.15 -60.72,1.53 -14.94,-0.45 -29.75,-1.66 -44.58,-3.2 -4.47,-0.46 -9.05,0.07 -13.58,0.14 -0.02,-6.17 4.64,-4.99 8.07,-4.67 7.17,0.67 14.27,2.15 21.44,2.86 29.79,2.95 59.59,0.88 89.39,0.12 -0.02,1.08 -0.02,2.15 -0.02,3.22 z"
             id="path324" />
          <path
             class="st2"
             d="m 1124.85,634.17 c 0.54,-0.54 1.07,-1.07 1.61,-1.61 0.31,1.38 -0.23,1.92 -1.61,1.61 z"
             id="path326" />
          <path
             class="st2"
             d="m 823.97,243.35 c -11.88,14.46 -18.32,32.79 -35.38,43.81 -10.42,6.73 -17.97,18.04 -19.49,31.8 -0.41,3.75 -1.14,9.19 -6.2,8.72 -4.74,-0.44 -6.79,-5.14 -6.22,-9.83 2.28,-18.59 0.91,-37.74 8.6,-55.52 2.08,-4.82 0.8,-10.07 1.01,-15.12 0.35,-8.53 0.47,-17.01 5.85,-24.46 2.29,-3.17 3.02,-6.92 2.49,-11.33 -1.04,-8.67 2.61,-16.89 9,-21.91 6.04,-4.75 6.51,-11.99 11.03,-17.28 2.57,-3.01 -2.76,-2.91 -4.37,-2.29 -9.44,3.67 -19.08,2.84 -28.49,0.94 -12.88,-2.6 -25.61,-6.1 -32.47,-19.16 2.76,0.28 5.19,1.44 7.15,3.3 7.73,7.37 17.45,9.17 27.49,11.49 21.74,5.03 40.19,-3.67 58.95,-11.8 2.95,-1.28 5.54,-3.11 8.98,-2.68 2.68,0.34 4.44,1.73 5.36,4.18 1.12,3 -1.72,3.26 -3.17,4.61 -7.91,7.36 -18.68,10.03 -27.06,16.58 -0.84,0.65 -1.78,1.18 -2.67,1.77 -5.44,3.62 -10.21,9.5 -8.54,15.02 1.89,6.27 8.18,-1.23 12.51,0.38 -1.2,1.51 -2.4,3.02 -3.59,4.53 -4.66,2.55 -9.41,4.96 -12.96,9.11 -1.22,1.42 -2.88,2.75 -1.87,4.82 1.13,2.3 3.15,2.02 5.48,1.79 6.67,-0.65 12.19,-5.45 19.09,-5.01 -3.5,5.57 -9.71,6.11 -15.14,7.74 -4.82,1.45 -9.81,2.15 -14.55,4.13 -10.39,4.34 -15.71,13.32 -12.82,23.85 0.88,3.22 1.33,5.76 0.31,9.09 -1.94,6.29 1.36,9.53 7.8,8.65 4.07,-0.56 7.28,-2.71 10.86,-4.46 10.88,-5.37 20.84,-12.85 33.03,-15.46 z"
             id="path328" />
          <path
             class="st2"
             d="m 372.31,269.48 c -1.52,3.53 -4.72,3 -7.59,3.01 -22.71,0.07 -45.41,-0.18 -68.1,1.42 -12.62,0.89 -25.41,15.62 -23.17,28.08 1.17,6.54 1.01,12.83 -3.23,18.34 -1.47,1.91 -3.4,3.84 -6.11,2.81 -2.81,-1.06 -4.29,-3.71 -3.66,-6.47 4.34,-19.15 -3.65,-38.09 -0.83,-57.22 0.7,-4.72 -1.19,-9.1 -4.63,-12.36 -2.61,-2.48 -4.32,-5.46 -3.04,-8.52 2.63,-6.29 0.76,-12.64 1.33,-18.91 1.66,-17.97 6.94,-34.27 23.06,-44.89 1.09,-0.72 2.38,-1.63 3.57,-1.63 9.72,-0.03 11.12,-5.32 8.62,-13.22 2.65,0.05 5.42,-0.37 7.93,0.26 3.21,0.8 5.8,3.04 6.28,6.54 0.49,3.57 -2.77,4.01 -5.1,5.15 -3.11,1.52 -6.06,3.44 -9.28,4.63 -9.6,3.52 -14.64,11.73 -20.11,19.38 -4.11,5.74 -1.83,9.96 4.35,12.48 -2.48,3.66 -4.9,7.36 -7.47,10.96 -1.4,1.96 -3.09,3.9 -1.53,6.35 1.57,2.46 4.06,1.8 6.38,1.2 11.76,0.88 22.68,6.46 34.66,6.08 -5.71,3.83 -11.66,2.44 -17.59,0.73 -5.39,-1.56 -10.79,-3.21 -16.43,-3.23 -3.9,-0.01 -7.67,1.16 -9.11,5.26 -1.49,4.24 0.02,7.43 3.72,10.38 6.11,4.85 10.76,12.11 20.44,9.46 1.28,-0.35 3.9,1.2 4.7,2.57 4.02,6.88 10.67,7.89 17.41,7.66 21.64,-0.75 42.86,5.26 64.53,3.7 z"
             id="path330" />
          <path
             class="st2"
             d="m 408.82,189.71 c 0.72,-4.12 -0.72,-7.95 -1.66,-11.83 -2.64,-10.89 1.23,-20.48 10.78,-26.47 3.48,-2.19 6.35,-4.72 7.6,-8.92 1.37,-4.6 3.79,-8.25 9.46,-8.25 5.71,0.01 7.88,4.03 9.57,8.33 3.57,9.06 3.49,18.09 -0.24,27.22 -2.11,5.17 -3.43,10.67 -5.06,16.04 -0.63,2.06 -0.73,3.88 0.5,6.07 7.24,12.93 1.89,25.62 -12.78,30.84 4.52,-18.3 -2.23,-30.56 -18.17,-33.03 z"
             id="path332" />
          <path
             class="st2"
             d="m 465.66,352.84 c -2.3,-4.67 0.87,-8.03 2.85,-11.64 4.89,-8.91 8.79,-18.22 10.97,-28.15 1.17,-5.33 1.24,-10.52 -3.23,-14.92 -4.39,-4.33 -2.43,-10.14 -2.58,-15.34 -0.31,-10.58 -1.58,-12.11 -12.18,-12.08 -4.88,0.02 -9.53,-0.27 -13.91,-2.86 -2.54,-1.5 -5.47,-1.43 -8.55,-1.12 -10.64,1.09 -21.33,1.27 -32,0 6.8,-5.92 14.17,-10.14 23.74,-8.75 2.87,0.42 5.86,0.06 8.8,0.01 20.85,-0.34 19.16,2.97 13.63,-18.09 -1.15,-4.37 -2.58,-8.68 -4,-12.98 -0.62,-1.89 -1.18,-3.77 0.85,-4.97 2.45,-1.46 4.61,-1.14 5.78,1.83 0.08,5.01 -1.17,10.47 2.6,14.55 5.91,6.42 12.14,12.58 18.58,18.46 1.95,1.78 4.23,0.47 4.2,-2.43 -0.02,-2.09 -0.71,-4.17 -1.11,-6.25 2.25,0.37 4.71,1.51 4.94,3.54 1.06,9.14 6.79,17.3 5.25,27.03 -0.78,4.96 -0.62,10.1 -0.55,15.15 0.11,7.35 -1.63,13.87 -5.21,20.51 -4.97,9.21 -6.52,19.94 -11.94,29.2 -2.01,3.5 -3.32,7.14 -6.93,9.3 z"
             id="path334" />
          <path
             class="st2"
             d="m 944.44,170.33 c 4.17,-7.04 7.57,-14.75 18.01,-14.37 3.09,0.11 3.98,-3.63 5.08,-6.48 2.96,-7.68 7.62,-8.69 13.04,-2.61 4.88,5.47 9.87,10.77 7.9,19.68 -1.28,5.8 -0.8,12.18 0.62,18.28 1.12,4.8 -0.6,7.18 -6.01,5.92 -7.93,-1.85 -16.51,1.69 -24.16,-2.76 1.85,-0.15 3.71,-0.24 5.54,-0.48 2.24,-0.3 5.3,0.96 6.4,-1.79 1.08,-2.7 -2.14,-3.87 -3.29,-5.83 -5.31,-9.05 -14.56,-8.46 -23.13,-9.56 z"
             id="path336" />
          <path
             class="st2"
             d="m 561.96,185.61 c -0.4,9.73 -0.36,9.32 -10.1,8.43 -7.97,-0.73 -16.04,-0.35 -24.07,-0.37 -4.6,-0.01 -7.07,2.99 -7.36,7.01 -0.46,6.33 -4.53,8.2 -9.63,8.6 -5.58,0.43 -11.86,0.87 -14.57,-5.51 -2.45,-5.76 -6.59,-7.08 -12.12,-7.05 -7.35,0.04 -14.25,-2.12 -20.88,-5.13 -2.69,-1.22 -5.51,-2.49 -5.21,-6.26 3.97,2 8.26,1.82 12.55,1.99 30.49,1.14 60.9,-2.26 91.39,-1.71 z"
             id="path338" />
          <path
             class="st2"
             d="m 561.96,185.61 c -30.48,-0.56 -60.89,2.85 -91.39,1.7 -4.29,-0.16 -8.58,0.01 -12.55,-1.99 -0.04,-2.48 -0.08,-4.96 -0.12,-7.44 22.51,-0.68 45.03,-1.37 67.54,-2.04 3.7,-0.11 7.47,0.31 10.87,-1.67 3.66,-0.02 7.33,-0.04 10.99,-0.06 4.87,0.08 9.74,0.17 14.6,0.25 1.16,3.75 1.03,7.5 0.06,11.25 z"
             id="path340" />
          <path
             class="st2"
             d="m 362.59,154.84 c -0.99,1.02 -2.34,1.93 -3.36,0.58 -1.29,-1.72 0.38,-3.06 1.53,-3.97 6.78,-5.32 12.48,-11.67 17.89,-18.31 1.69,-2.07 3.5,-4.04 5.12,-6.16 1.88,-2.47 3.99,-4.6 7.36,-3.66 3.64,1.01 6.37,3.61 6.5,7.35 0.35,10.16 0.43,20.34 0.12,30.5 -0.16,5.31 -5.06,6.5 -9.05,7.83 -5.65,1.89 -9.1,-1.38 -11.85,-5.78 5.16,-1.63 9.51,-10.12 7.1,-14.97 -2.64,-5.3 -7.04,-1.61 -10.62,-1.11 -4.79,0.67 -7.98,3.98 -10.74,7.7 z"
             id="path342" />
          <path
             class="st2"
             d="m 304.64,232.93 c -11.98,0.38 -22.91,-5.2 -34.66,-6.08 -4.27,-7.27 2.75,-9.81 6.09,-13.46 3.12,-3.4 7.42,-2.85 10.73,0.3 4.92,4.69 10.43,4.91 16.24,2.57 5.6,-2.26 10.34,-1.17 14.72,2.7 1.8,1.59 3.66,3.12 6.13,3.58 0.16,1.12 0.33,2.23 0.49,3.35 -5.5,0.26 -11.3,-0.15 -14.19,6.14 -1.85,0.3 -3.7,0.6 -5.55,0.9 z"
             id="path344" />
          <path
             class="st2"
             d="m 922.7,155.22 c -3.39,-0.54 -8.16,-1.2 -12.89,-2.08 -2.73,-0.51 -5.13,-1.82 -6.09,-4.65 -1.14,-3.4 1.73,-4.59 3.68,-6.34 5.16,-4.63 10.33,-9.25 15.3,-14.07 1.99,-1.93 3.74,-4.16 6.78,-3.16 3,0.99 3.68,4.02 3.76,6.58 0.19,5.99 -0.52,11.74 0.97,17.99 1.34,5.63 -5.49,5.71 -11.51,5.73 z"
             id="path346" />
          <path
             class="st2"
             d="m 398.46,220.27 c -0.05,-0.4 -0.21,-0.74 -0.49,-1.02 -0.29,-3.46 -1.63,-6.35 -4.51,-8.43 -0.04,-1.35 -0.08,-2.69 -0.12,-4.04 3.18,-3.97 4.12,0.66 5.99,1.6 2.62,1.31 5.41,1.79 7.1,-0.89 1.76,-2.79 2.15,-6.02 -1.03,-8.49 -1.15,-0.89 -3.3,0.07 -3.83,-2.03 11.68,-4.66 16.55,-1.95 19.33,9.79 1.41,5.95 1.28,11.49 -0.81,17.11 -7.69,1.67 -15.02,1.17 -21.63,-3.6 z"
             id="path348" />
          <path
             class="st2"
             d="m 323.89,222.55 c -2.47,-0.46 -4.33,-1.99 -6.13,-3.58 -4.37,-3.87 -9.12,-4.96 -14.72,-2.7 -5.81,2.34 -11.32,2.11 -16.24,-2.57 -3.31,-3.15 -7.61,-3.7 -10.73,-0.3 -3.35,3.65 -10.36,6.19 -6.09,13.46 -2.32,0.6 -4.81,1.26 -6.38,-1.2 -1.57,-2.45 0.13,-4.38 1.53,-6.35 2.56,-3.6 4.99,-7.31 7.47,-10.96 9.6,-2.75 18.85,-6.68 29.34,-5.43 9,1.06 19.97,10.24 21.95,19.63 z"
             id="path350" />
          <path
             class="st2"
             d="m 187.32,130.79 c -7.67,1.37 -13.32,-3.38 -18.93,-7.05 -10.26,-6.72 -24.29,-6.97 -34.94,-0.7 -5.54,3.26 -10.21,7.45 -15.32,11.15 -0.63,-15.48 9.84,-24.83 25.43,-22.98 13.32,1.59 25.89,5.08 36.98,12.99 2.61,1.87 5.15,3.74 6.78,6.59 z"
             id="path352" />
          <path
             class="st2"
             d="m 420.09,223.88 c 2.08,-5.62 2.22,-11.16 0.81,-17.11 -2.78,-11.74 -7.65,-14.45 -19.33,-9.79 0.53,2.1 2.68,1.14 3.83,2.03 3.18,2.47 2.79,5.7 1.03,8.49 -1.69,2.68 -4.48,2.2 -7.1,0.89 -1.87,-0.94 -2.81,-5.56 -5.99,-1.6 -0.02,-3.2 -0.04,-6.4 -0.06,-9.6 4.01,-4.94 9.36,-7.07 15.55,-7.47 15.94,2.46 22.69,14.73 18.17,33.02 -1.55,0.65 -3.09,1.29 -4.64,1.94 -0.76,-0.27 -1.52,-0.53 -2.27,-0.8 z"
             id="path354" />
          <path
             class="st2"
             d="m 944.44,170.33 c 8.57,1.1 17.82,0.51 23.12,9.56 1.14,1.95 4.36,3.13 3.29,5.83 -1.1,2.75 -4.16,1.49 -6.4,1.79 -1.84,0.24 -3.69,0.33 -5.54,0.48 -3.12,-0.81 -6.24,-1.62 -9.37,-2.43 -2.07,-3.59 -5.57,-4.27 -9.27,-5.21 -4.16,-1.06 -9.33,-1.98 -8.03,-8.52 3.94,-1.51 8.1,-1.24 12.2,-1.5 z"
             id="path356" />
          <path
             class="st2"
             d="m 631.24,208.51 c -2.67,0.14 -5.34,0.27 -8,0.41 -2.37,-0.28 -4.77,-0.97 -7.11,-0.78 -15.2,1.21 -30.42,1.61 -45.67,1.56 -2.31,-0.01 -4.61,1.08 -6.92,1.66 -0.1,-2.29 -0.21,-4.59 -0.31,-6.88 20.41,0.07 40.76,-1.27 61.12,-2.43 3.97,-0.22 11.09,-2.56 6.89,6.46 z"
             id="path358" />
          <path
             class="st2"
             d="m 814.46,209.79 c -6.9,-0.44 -12.43,4.37 -19.09,5.01 -2.33,0.23 -4.35,0.51 -5.48,-1.79 -1.02,-2.07 0.65,-3.4 1.87,-4.82 3.55,-4.14 8.3,-6.55 12.96,-9.11 6.52,6.4 13.33,5.04 20.36,0.91 2.04,-1.19 5.09,-3.62 4.36,1.92 -2.58,1.03 -5.37,1.71 -7.01,4.29 -2.92,0.64 -5.74,1.47 -7.97,3.59 z"
             id="path360" />
          <path
             class="st2"
             d="m 480.1,248.14 c 0.39,2.08 1.09,4.16 1.11,6.25 0.02,2.9 -2.25,4.21 -4.2,2.43 -6.44,-5.88 -12.66,-12.05 -18.58,-18.46 -3.76,-4.08 -2.52,-9.55 -2.6,-14.55 2.07,1.3 4.14,2.6 6.21,3.9 0.48,2.03 1.46,3.66 3.54,4.4 4.84,5.34 9.68,10.69 14.52,16.03 z"
             id="path362" />
          <path
             class="st2"
             d="m 631.24,208.51 c 4.2,-9.02 -2.93,-6.68 -6.89,-6.46 -20.36,1.15 -40.71,2.5 -61.12,2.43 -0.12,-0.91 -0.25,-1.82 -0.37,-2.73 13.37,-2.15 26.89,-1.09 40.33,-1.81 9.79,-0.52 19.59,-1.09 29.38,-1.26 3.44,-0.06 6.63,1.94 6.02,5.85 -0.57,3.68 -2.83,6.46 -7.35,3.98 z"
             id="path364" />
          <path
             class="st2"
             d="m 536.31,174.18 c -3.41,1.98 -7.18,1.56 -10.87,1.67 -22.52,0.67 -45.03,1.36 -67.54,2.04 4.23,-6.64 11,-4.94 16.94,-4.66 15.88,0.75 31.66,-0.64 47.49,-1.26 4.78,-0.18 10,-2.82 13.98,2.21 z"
             id="path366" />
          <path
             class="st2"
             d="m 829.43,201.93 c 0.74,-5.55 -2.32,-3.12 -4.36,-1.92 -7.03,4.13 -13.84,5.49 -20.36,-0.91 1.2,-1.51 2.4,-3.02 3.59,-4.53 0.48,-0.27 0.97,-0.56 1.45,-0.84 5.01,-0.86 10.32,-0.68 14.6,-4.13 1.96,0.05 3.91,0.09 5.87,0.13 2.75,3.17 8.02,4.68 6.87,10.42 -2,0.93 -4,1.85 -6,2.77 -0.54,-0.33 -1.1,-0.66 -1.66,-0.99 z"
             id="path368" />
          <path
             class="st2"
             d="m 362.59,154.84 c 2.76,-3.72 5.95,-7.03 10.75,-7.7 3.57,-0.5 7.98,-4.18 10.62,1.11 2.42,4.85 -1.93,13.35 -7.1,14.97 -5.35,-1.77 -10.24,-4.35 -14.27,-8.38 z"
             id="path370" />
          <path
             class="st2"
             d="m 563.55,211.36 c 2.31,-0.58 4.62,-1.67 6.92,-1.66 15.25,0.05 30.46,-0.35 45.67,-1.56 2.33,-0.19 4.74,0.5 7.11,0.78 -7.38,4.75 -15.91,3.16 -23.88,3.83 -11.96,1 -24.05,0.54 -36.08,0.7 0.08,-0.7 0.17,-1.4 0.26,-2.09 z"
             id="path372" />
          <path
             class="st2"
             d="m 396.82,257.97 c -2.46,-8.14 -9.21,-9.18 -16.2,-9.63 -4.5,-0.29 -9.02,-0.29 -13.53,-0.43 2.63,-3.68 6.59,-2.9 10.25,-2.97 4.27,-0.09 8.55,-0.24 12.81,0.02 3.53,0.22 8.22,-1.89 10.24,2.19 1.99,4.04 -1.44,7.48 -3.57,10.82 z"
             id="path374" />
          <path
             class="st2"
             d="m 856.33,219.5 c -0.24,1.03 -0.14,2.64 -0.76,3.01 -10.61,6.22 -18.75,16.42 -31.32,19.47 0.59,-1.44 0.8,-3.73 1.82,-4.18 10.91,-4.78 18.15,-15.6 30.26,-18.3 z"
             id="path376" />
          <path
             class="st2"
             d="m 420.09,223.88 c 0.75,0.26 1.51,0.53 2.27,0.79 -5.56,5.51 -12.68,5.01 -19.33,3.95 -3.27,-0.52 -5.24,-4.34 -4.56,-8.36 6.6,4.78 13.93,5.28 21.62,3.62 z"
             id="path378" />
          <path
             class="st2"
             d="m 932.24,171.83 c -1.3,6.54 3.87,7.46 8.03,8.52 3.7,0.94 7.2,1.62 9.27,5.21 -6.91,0.73 -13.11,-2.25 -18.79,-5.14 -4.27,-2.16 -5.75,-6.86 1.49,-8.59 z"
             id="path380" />
          <path
             class="st2"
             d="m 393.28,197.18 c 0.02,3.2 0.04,6.4 0.06,9.6 0.04,1.35 0.08,2.69 0.12,4.04 0.41,2.29 0.82,4.59 1.23,6.88 -5.81,-5.76 -6.41,-14.55 -1.41,-20.52 z"
             id="path382" />
          <path
             class="st2"
             d="m 310.19,232.03 c 2.9,-6.28 8.69,-5.88 14.19,-6.14 0.32,4.42 0.32,4.42 -6.45,5.44 -1.8,-0.28 -3.02,0.53 -3.87,2.04 -1.29,-0.44 -2.58,-0.89 -3.87,-1.34 z"
             id="path384" />
          <path
             class="st2"
             d="m 837.1,200.15 c 1.15,-5.74 -4.12,-7.25 -6.87,-10.42 4.73,-1.01 8.46,1.31 10.63,4.83 1.61,2.6 -0.87,4.77 -3.76,5.59 z"
             id="path386" />
          <path
             class="st2"
             d="m 205.11,146.8 c -5.7,-2.85 -10.93,-6.18 -12.98,-12.74 5.41,3.14 11.73,5.36 12.98,12.74 z"
             id="path388" />
          <path
             class="st2"
             d="m 283.76,159.95 c -3.82,7.06 -10.21,6.3 -16.63,5.47 4.95,-3.62 11.21,-3.26 16.63,-5.47 z"
             id="path390" />
          <path
             class="st2"
             d="m 561.9,174.37 c -4.87,-0.08 -9.73,-0.16 -14.6,-0.25 4.94,-4.11 9.82,-4.81 14.6,0.25 z"
             id="path392" />
          <path
             class="st2"
             d="m 824.36,189.6 c -4.28,3.45 -9.59,3.27 -14.6,4.13 3.83,-5.06 9.18,-4.72 14.6,-4.13 z"
             id="path394" />
          <path
             class="st2"
             d="m 243.52,165.97 c -4.38,2.98 -7.81,2.72 -9.68,-2.85 3.31,0.67 6.75,0.87 9.68,2.85 z"
             id="path396" />
          <path
             class="st2"
             d="m 829.43,201.93 c 0.56,0.33 1.11,0.66 1.67,0.99 -2.18,2.99 -4.22,6.33 -8.68,3.29 1.64,-2.57 4.43,-3.26 7.01,-4.28 z"
             id="path398" />
          <path
             class="st2"
             d="m 229.05,162.57 c -4.92,2.57 -6.72,-0.42 -7.93,-4.45 3.31,0.29 5.47,2.63 7.93,4.45 z"
             id="path400" />
          <path
             class="st2"
             d="m 211.37,151.57 c -4.95,2.2 -5.46,-1.45 -6.25,-4.74 2.9,0.51 4.81,2.31 6.25,4.74 z"
             id="path402" />
          <path
             class="st2"
             d="m 394.69,217.7 c -0.41,-2.29 -0.82,-4.59 -1.23,-6.88 2.88,2.07 4.22,4.97 4.51,8.43 -1.09,-0.51 -2.19,-1.03 -3.28,-1.55 z"
             id="path404" />
          <path
             class="st2"
             d="m 259.57,166.28 c -1.13,3 -2.67,3.53 -4.75,0.78 1.58,-0.26 3.16,-0.52 4.75,-0.78 z"
             id="path406" />
          <path
             class="st2"
             d="m 465.58,232.11 c -2.08,-0.74 -3.07,-2.37 -3.54,-4.4 2.66,0.26 3.34,2.14 3.54,4.4 z"
             id="path408" />
          <path
             class="st2"
             d="m 314.06,233.38 c 0.85,-1.51 2.08,-2.32 3.87,-2.04 -0.93,1.35 -2.15,2.17 -3.87,2.04 z"
             id="path410" />
          <path
             class="st2"
             d="m 192.78,356.83 c -0.67,-3.58 -1.15,-7.23 -3.19,-10.39 -0.01,-1.31 0.55,-3.11 -0.11,-3.84 -6.89,-7.7 -5.6,-18.5 -10.66,-27.2 -3.3,-5.67 -2.63,-14.01 -2.55,-21.15 0.05,-4.95 4.93,-5.69 9.03,-6.07 4.5,-0.42 9,-0.46 13.52,-0.99 18.29,-2.14 24.17,-16.83 30.92,-30.22 2.8,-5.55 7.31,-8.94 11.34,-12.88 3.48,-3.41 6.52,0.16 6.62,3.39 0.3,10.55 1.69,21.71 -6.02,30.52 -11.67,13.34 -11.68,28.83 -9.34,44.93 0.28,1.95 1.5,3.35 2.89,4.67 8.54,8.14 9.24,20.7 1.28,29.31 -3.98,4.3 -8.37,8.3 -13.02,11.86 -6.65,5.09 -18,2.79 -23.51,-4.6 -2.11,-2.8 -4.03,-5.63 -7.2,-7.34 z"
             id="path412" />
          <path
             class="st2"
             d="m 169.88,142.31 c 8.06,3.45 18.07,5.82 24.91,13.11 5.14,5.48 -1.47,10.39 -3.86,14.87 -2.46,4.64 -6.03,0.78 -8.71,-0.95 -7.48,-4.82 -11.78,-12.94 -18.75,-18.35 -1.79,-1.38 -2.29,-3.71 -1,-5.8 1.4,-2.24 3.8,-2.73 7.41,-2.88 z"
             id="path414" />
          <path
             class="st2"
             d="m 928.79,215.8 c 27.28,-1.95 47.74,10.89 65.78,30.75 7.65,8.42 13.81,17.13 19.15,27.05 7.82,14.52 8.09,30.4 9.3,45.88 0.51,6.54 -4.06,13.59 -8.15,20.11 -5.82,9.26 -11.65,18.32 -18.92,26.47 -8.91,9.98 -17.73,20.06 -30.15,25.98 -1.69,0.81 -3.86,1.31 -4.91,2.65 -11.19,14.28 -26.78,8.97 -40.95,9 -4.96,0.01 -10.05,-1.17 -15.15,-1.11 -2.7,0.03 -5.85,0.35 -7.73,-1.54 -10.36,-10.42 -25.3,-10.13 -37.53,-16.29 -12.36,-6.23 -25.42,-10.89 -34.5,-22.19 -2.38,-2.96 -6.17,-4.63 -10,-4.49 -5.95,0.21 -9.67,-2.72 -12.19,-7.52 -8.69,-16.51 -12.95,-43.53 2.46,-61.22 4.1,-4.7 6.85,-10.8 9.33,-16.64 6.2,-14.59 19.32,-22.53 30.34,-32.48 12.83,-11.58 29.05,-16.6 45.07,-21.13 12.28,-3.46 25.38,-3.42 38.75,-3.28 z"
             id="path416" />
          <path
             class="st2"
             d="m 708.65,355.58 c -0.07,-1.71 0.28,-3.53 -1.38,-4.78 0.64,-11 -5.72,-20.32 -7.36,-30.75 -1.62,-10.3 -3.08,-20.53 -8.98,-29.61 -1.97,-3.03 -3.59,-7.36 0.31,-10.18 3.6,-2.61 5.84,1.33 8.09,3.24 8.58,7.28 23.14,6.88 31.36,-1.27 4.77,-4.72 9.21,-9.85 11.29,-16.35 2.2,-6.89 7.25,-11.79 11.25,-17.42 1.06,-1.5 2.41,-3.26 4.58,-2.37 2.23,0.91 1.83,3.11 1.47,4.91 -3.04,15.27 -8.34,29.84 -13.24,44.58 -5.73,17.23 -14.22,34.54 -3.07,53.02 2.08,3.45 1.5,7.98 -0.06,11.75 -1.64,3.96 -3.14,7.86 -4.13,12.08 -1.68,7.18 -9.65,9.16 -14.61,3.81 -3.44,-3.71 -6.38,-7.82 -8.51,-12.52 -1.52,-3.32 -2.57,-7.25 -7.01,-8.14 z"
             id="path418" />
          <path
             class="st2"
             d="m 732.01,194.78 c -1.16,2.75 -0.11,6.85 -4.08,7.94 -3.21,0.88 -4.81,-1.9 -6.11,-4.18 -7.34,-12.89 -16.66,-23.84 -29.28,-31.96 -2.16,-1.39 -3.25,-4.83 -4.27,-7.54 -2.11,-5.58 1.7,-10.02 7.46,-8.1 6.53,2.18 12.78,5.33 18.9,8.54 3.86,2.02 5.28,5.86 4.89,10.23 -0.53,5.84 1.25,10.59 6.68,13.39 4.84,2.5 4.91,7.2 5.81,11.68 z"
             id="path420" />
          <path
             class="st2"
             d="m 674.47,247.71 c 0.05,-4.37 -0.26,-9.06 6.19,-8.89 5.45,0.15 13.37,9.33 12.99,15.38 -0.27,4.35 -1.06,8.73 -7.14,8.57 -7.24,-0.2 -12.01,-6.09 -12.04,-15.06 z"
             id="path422" />
          <path
             class="st2"
             d="m 171.09,244.41 c 0,4.85 -1.75,8.38 -7.15,8.61 -5.68,0.24 -12.31,-7.95 -12.06,-14.61 0.21,-5.7 3.5,-7.96 8.83,-7.85 5.02,0.11 10.43,7.38 10.38,13.85 z"
             id="path424" />
        </g>
      </g>
    </g>
  </g>
  <style
     type="text/css"
     id="style10">
	.st0{fill:none;stroke:#000000;stroke-miterlimit:10;}
	.st1{fill:#FFFFFF;}
	.st2{fill:none;stroke:#202020;stroke-miterlimit:10;}
</style>
  <style
     type="text/css"
     id="style294">
	.st0{fill:none;stroke:#000000;stroke-miterlimit:10;}
	.st1{fill:#FFFFFF;}
	.st2{fill:none;stroke:#202020;stroke-miterlimit:10;}
</style>
  <WCB
     layer="0"
     node="0"
     lastpath="0"
     lastpathnc="0"
     lastknownposx="0.0"
     lastknownposy="0.0"
     pausedposx="0.0"
     pausedposy="0.0" />
</svg>
